0 17 32
0 39 48
0 77 63
0 18 107
0 71 314
1 21 40
1 14 56
1 29 138
1 11 259
1 22 291
2 10 92
2 81 238
2 79 262
2 18 280
3 67 233
3 58 272
3 44 350
3 32 366
4 31 160
4 78 191
4 46 240
4 85 255
4 27 301
4 10 332
4 72 365
5 58 84
5 22 165
5 40 244
6 27 51
6 19 117
6 87 154
6 98 219
6 75 268
6 78 287
6 48 339
8 38 72
8 48 96
8 49 132
8 72 149
8 34 236
8 21 320
8 40 343
8 28 366
9 1 42
9 71 205
9 54 221
9 96 244
9 3 292
9 18 325
9 32 344
10 1 20
10 31 37
10 7 52
10 20 68
10 93 103
10 39 136
10 6 152
10 41 209
10 35 338
11 38 56
11 0 73
11 94 156
11 63 242
11 82 306
12 20 38
12 72 61
12 87 78
12 14 187
12 78 286
12 60 307
13 45 76
13 26 139
13 78 210
13 85 230
13 61 304
14 63 94
14 71 211
14 8 294
14 1 358
15 31 216
15 82 232
15 71 261
16 98 70
16 55 136
16 83 211
16 53 250
17 44 88
17 79 104
17 36 139
17 80 292
17 37 311
17 7 330
18 3 97
18 11 126
18 82 142
18 44 222
18 81 239
18 71 255
18 84 290
18 40 334
19 62 28
19 32 94
19 51 109
19 0 141
19 14 190
19 88 239
19 41 343
20 34 66
20 41 110
20 44 220
21 91 197
21 96 259
21 33 292
21 26 338
22 61 126
22 89 143
22 3 161
22 12 179
22 25 230
22 67 279
22 28 316
23 62 28
23 20 105
23 73 300
23 44 316
24 78 22
24 46 83
24 35 113
24 90 213
24 68 234
24 6 253
24 37 310
24 44 330
24 53 349
25 41 140
25 87 190
25 75 239
25 68 331
26 84 35
26 22 161
26 1 246
26 69 265
26 21 337
27 97 22
27 59 98
27 68 134
27 47 314
28 58 25
28 66 87
28 33 106
29 73 104
29 16 149
29 61 244
29 72 309
29 35 358
30 72 24
30 87 76
30 15 130
30 56 236
30 33 284
30 99 317
31 57 56
31 68 93
31 92 129
31 63 356
32 10 190
32 76 250
32 47 265
32 75 281
33 24 23
33 39 93
33 62 287
33 45 306
33 23 323
34 28 24
34 61 79
34 63 157
34 30 203
34 55 242
35 45 63
35 55 225
35 81 255
35 36 272
36 70 19
36 57 83
36 49 117
36 8 211
36 85 233
36 51 283
37 69 102
37 18 120
37 47 137
37 23 204
37 67 302
38 16 41
38 53 74
38 85 97
38 86 170
38 42 251
38 3 271
38 71 308
39 14 27
39 3 101
39 64 227
40 86 41
40 42 100
40 35 274
40 54 341
41 44 20
41 4 36
41 69 92
41 18 195
41 58 217
41 14 278
41 5 312
41 67 327
41 82 343
42 92 121
42 53 159
42 44 180
42 55 212
42 76 304
42 79 339
43 20 55
43 97 135
43 94 206
43 75 225
43 14 290
43 40 341
44 20 56
44 98 198
44 75 216
44 58 247
44 65 283
44 94 365
45 64 79
45 12 244
45 63 272
46 0 68
46 47 128
46 8 154
46 35 169
46 36 185
46 18 213
46 52 259
46 4 277
46 93 293
46 51 349
46 82 367
47 67 115
47 35 149
48 85 55
48 29 89
48 45 105
48 35 201
48 22 231
49 32 50
49 31 73
49 41 123
49 19 187
49 0 297
49 66 317
50 16 27
50 7 105
50 81 127
50 11 168
50 94 217
50 3 249
50 95 310
50 98 343
50 8 392
51 97 38
51 2 127
51 67 159
51 98 194
51 47 209
51 42 320
52 5 92
52 74 137
52 93 244
52 92 276
52 65 338
52 96 352
53 36 39
53 25 175
53 68 190
53 56 214
53 32 231
53 19 279
54 82 119
54 43 205
54 97 270
54 60 290
54 4 305
54 84 342
54 44 374
55 65 71
55 0 122
55 59 197
55 50 281
56 42 212
56 50 244
56 57 273
56 83 300
57 74 22
57 99 36
57 83 70
57 64 172
57 47 251
57 50 289
57 77 320
57 94 339
58 24 80
58 74 147
58 70 169
58 57 202
58 92 236
58 9 298
59 99 26
59 3 80
59 84 105
59 69 246
59 11 296
59 37 362
60 78 152
60 45 254
60 48 270
60 21 347
61 21 42
61 13 160
61 43 202
61 29 281
61 86 316
61 92 331
61 23 349
62 84 21
62 16 108
62 46 206
62 67 327
63 66 80
63 22 117
63 87 158
63 26 176
63 91 240
63 47 314
63 65 333
64 44 140
64 43 196
64 16 299
65 77 32
65 70 83
65 76 140
65 34 319
65 61 346
66 4 63
66 0 161
66 54 308
67 89 27
67 94 75
67 90 146
67 6 240
67 84 295
67 62 330
68 61 58
68 83 76
68 93 122
68 54 224
68 97 241
68 3 357
68 14 373
68 38 389
69 15 72
69 76 109
69 13 141
70 4 23
70 47 142
70 53 175
70 76 227
70 95 277
70 81 354
71 57 26
71 58 90
71 32 106
71 99 322
72 50 36
72 33 51
72 56 104
72 69 125
72 88 298
72 61 312
72 99 344
73 53 36
73 88 59
73 93 178
73 30 231
73 41 248
73 43 281
73 77 306
74 32 22
74 86 54
74 99 74
74 69 93
74 83 262
74 47 278
74 41 338
75 0 23
75 2 90
75 62 136
75 21 357
76 1 78
76 53 147
76 82 234
76 5 249
76 89 304
76 13 323
76 26 357
76 66 376
77 32 22
77 63 93
77 54 112
77 86 206
77 88 221
77 38 287
78 54 114
78 21 178
78 86 207
79 46 205
79 21 257
80 58 23
80 5 102
80 92 132
80 15 149
80 70 198
80 29 279
81 55 125
81 69 333
81 26 354
82 89 23
82 5 149
82 10 196
82 25 233
82 23 330
83 67 180
83 68 215
83 39 269
83 32 369
84 22 37
84 15 52
84 90 74
84 85 309
84 53 326
85 60 86
85 47 102
85 68 180
85 29 214
85 55 304
86 79 129
86 92 161
86 55 193
86 29 207
86 2 224
86 64 268
86 89 282
86 6 317
86 27 332
87 20 230
87 52 262
87 44 331
88 40 131
88 77 217
88 45 270
88 41 382
89 54 70
89 34 195
89 45 241
89 2 298
89 31 324
89 95 356
90 33 24
90 10 69
90 46 100
90 89 185
90 68 249
90 30 266
90 20 319
90 52 367
91 4 109
91 10 176
91 11 295
91 21 312
92 55 21
92 0 67
92 64 102
92 82 171
92 98 190
92 1 251
92 94 286
92 5 337
93 54 225
93 68 246
93 2 356
94 3 22
94 22 88
94 91 141
94 27 191
94 62 206
94 10 258
94 19 273
94 26 327
95 37 71
95 49 110
95 71 143
95 36 176
95 61 197
95 99 212
95 65 229
95 83 363
96 75 27
96 47 62
96 41 96
96 97 125
96 73 145
96 65 160
96 26 230
96 89 276
96 46 336
97 45 46
97 51 92
97 56 113
97 58 151
97 52 220
98 37 23
98 19 67
98 34 154
98 25 171
98 3 190
98 90 263
98 79 280
98 8 329
99 48 136
99 44 167
99 74 182
99 24 299
99 54 329
